R00010 1642257 828009 2561303 1420654 2743521 2750233 1442184 241115 1566798 1392409
R00020 2570336 357113 2748245 2725232 2533637 1898817 1540156 2130162 1391118 2423686 152322 2279900 1791586 1210758 2865061 2789972 2492277 2561345 361813 1269587
R00030 2708767 1875077 372654 1732417 1827823 2130615 888402 928894 1753537 2710908 1639569 2665509 842711 2122822 1998471 849039 2461402 101584 2837496 1651713 2161402 2166173 1571948 2447192 2837493 309947 660217 2597395 269587 2026321
R00040 270425 2559949 1312258 1384285 830581 420160 263618 2286587 1693413 159034 2849177 543724 2881425 151592 2194018 1956041 74311 1639681 2130401 2584681 2713178 641978 1086552 1764940 91293 445302 1752800 849116 1186406 135342 1190344 1581307 682468 2445859 1815367 254145 97918 843303 816134 1110271
R00050 2320088 1629199 419192 2351688 1682279 819742 2882257 2484604 1617417 198446 1375720 521029 909437 1556338 2066677 2680596 2916866 261004 502573 1858266 2411021 2390397 2738539 1648365 1937503 1796720 714012 197976 1857429 2167652 1911711 2325145 145688 815626 2563854 1399964 2834807 826510 2962661 1762734 1804002 1301484 1419768 568530 2905105 2239314 2156361 325698 1901350 1580892
R00060 1531339 2000254 2504934 1849622 2680463 1219331 536560 2014888 1559813 2447580 1288379 1941361 1182463 2851699 709641 148150 2716785 1983614 921272 116032 1763282 1625165 1310720 91599 1723391 676352 1165572 1608547 1510608 27863 715483 1193704 2553757 1195361 1878511 847798 1735497 1489026 1436092 669069 2386129 918362 2758214 846874 2765704 2327781 1847145 2331506 1324044 522313 1160998 1690797 1909088 2877556 542232 907503 1622778 2311663 1212308 166515
R00070 366416 2324672 1622009 764092 2781982 1738501 2581339 2716424 1636660 1887837 1504955 2300781 447917 1066100 1351345 219951 589168 816979 1330660 2298650 372929 1321970 2433576 1076520 1372182 1084677 1132232 2726152 450167 2582197 425483 2017957 1387246 137150 2763061 2433066 1516194 1520923 2443822 2583996 2790589 2315939 178760 301851 1851419 760128 122301 132684 1450253 2662454 1826052 241699 1861295 1539013 2089980 2473945 1164495 2918197 2476383 549211 2767088 2359292 2553855 564934 887277 127758 996195 1735568 2850339 996228
R00080 2199667 447442 2222189 362638 2597906 449084 1195656 1012396 1855033 817074 1729834 2562507 546600 2319275 1901308 187517 690707 2195856 2483653 2744901 1362885 748805 1470717 1894867 179735 2812628 894591 340811 1179472 2487674 828480 1150407 149941 1841585 1935657 1609061 848475 239363 2244050 1181210 1742056 561711 1675556 1967207 1327598 1872804 53024 1808904 1879814 2035721 2146740 328027 1200245 82112 740945 1495380 1709207 1907064 253811 2195883 2164156 544584 1209659 1110852 1415860 1823633 125424 1902738 337379 2158119 2502997 2953745 465756 1804751 1524414 2135403 130591 1227020 301500 824748
R00090 2366910 2782507 202276 1234470 1811686 964464 1688959 1062807 1479174 283764 2499223 406533 1850592 2138621 1060483 2205504 1201275 325352 2167548 2488818 302582 2492659 2476160 2429305 2933371 1835210 1160670 671003 1203499 1405902 2299878 2125569 552485 65259 1155665 1693625 2431688 290096 1500278 1911494 1441941 431553 561961 2798413 1700401 822388 902310 1827655 2874407 285906 2789632 2527715 2860172 1279378 337039 2558459 1270985 2207200 2330478 1067753 624683 1953585 2959320 554557 436018 2026471 1130592 542307 2001417 1044595 2389000 2327488 2159629 1858057 302846 2662938 817805 394593 2118688 1479240 2791782 107272 2362785 2746249 1252416 2396660 573284 69596 2730189 574660
R00100 2204083 2775370 215566 1738387 684118 177271 2761776 2526525 1720805 1273045 759275 2021482 1511797 1835028 974249 138187 2134573 2706686 2002946 1693921 1926550 2132405 563961 426350 42713 181839 1090481 2326126 839781 2094947 2868591 121834 2324074 239481 415669 1503920 1268737 1515446 1955475 2031723 1087098 2078592 2880408 2492702 2263840 1521117 1993438 2859608 1479380 2144418 933051 2850687 1319615 258925 1898499 2289764 1315569 2950357 1169594 104406 1065315 1556901 1992707 2356709 2175405 580224 2261124 1633334 1470993 202505 2811469 1871799 1456762 2209388 825537 84559 2570441 1176901 2908502 1472055 577362 898927 1420994 486001 942910 2352378 1396088 2220392 519208 1833585 2712394 91547 2828532 2296318 1325126 2033746 2362203 758182 123676 2506057
